K = [[1.14522346e+03 0.00000000e+00 3.28945217e+02]
 [0.00000000e+00 1.14360001e+03 2.22159764e+02]
 [0.00000000e+00 0.00000000e+00 1.00000000e+00]]
D = [[-0.25755079  0.04884197 -0.00140975 -0.00154371  0.90765297]]
fx = 8.48313670861218
fy = 8.471111164997902
