K = [[683.81741344   0.         345.77282944]
 [  0.         656.67504435 201.2364842 ]
 [  0.           0.           1.        ]]
D = [[ 0.08351102 -0.18675186 -0.00997749  0.0066076  -0.25605787]]
fx = 5.065314173597366
fy = 4.864259587782918
